191
988
194
105
592
792
708
234
243
340
326
247
229
743
019
179
475
291
852
502
502
558
951
912
039
458
984
917
789
589
725
073
547
063
634
333
405
168
389
587
587
304
048
228
922
697
970
298
989
202
476
042
802
717
889
226
728
929
836
383
383
410
980
542
725
251
260
588
512
512
750
902
963
661
879
452
174
283
238
972
972
241
310
882
269
144
174
882
307
864
370
739
697
689
168
957
910
933
306
944
944
988
562
571
899
945
560
824
610
619
086
082
254
191
385
056
167
744
205
770
770
366
952
635
952
650
439
458
513
863
409
318
217
855
620
559
820
016
926
603
603
454
295
819
995
356
054
783
077
694
594
125
766
464
489
003
538
332
224
750
750
791
126
991
570
604
259
839
284
516
648
198
563
331
233
107
351
574
679
355
355
581
967
683
203
845
464
168
632
890
439
589
492
882
439
975
254
199
170
424
424
021
656
812
819
907
728
374
269
411
176
676
093
211
531
938
413
781
920
192
192
022
151
502
870
215
337
712
594
260
112
514
227
333
466
751
952
188
014
409
409
383
523
945
065
317
582
830
648
414
741
229
400
066
608
140
827
593
537
193
193
624
180
227
004
616
238
770
088
935
447
216
061
596
042
839
362
928
972
093
093
024
782
793
823
783
526
854
806
385
632
877
891
326
907
743
940
588
760
272
272
925
144
838
167
085
737
663
107
075
880
144
104
155
126
330
001
497
399
367
367
748
690
519
777
575
104
068
069
242
137
218
190
537
395
598
429
064
375
805
805
531
930
980
736
543
179
196
167
238
480
950
551
632
704
152
992
259
686
997
997
035
513
000
718
394
431
638
417
038
996
750
487
852
756
469
277
965
965
640
640
458
908
887
841
778
805
135
091
798
202
417
409
994
274
155
075
649
820
885
885
606
081
690
332
578
396
227
275
956
066
426
029
729
440
963
345
274
816
596
596
354
058
431
109
891
222
042
237
400
866
636
514
910
737
834
001
371
429
723
723
427
402
495
367
043
535
618
159
512
641
652
219
163
255
698
161
244
727
235
235
605
520
196
174
198
107
087
531
453
785
048
033
423
666
102
713
612
887
189
189
383
620
150
190
292
994
086
095
256
882
687
949
577
301
616
407
041
583
111
111
498
277
962
335
550
818
075
899
485
932
856
115
618
634
995
931
385
153
827
827
028
595
211
012
679
640
929
782
947
480
993
172
295
831
253
914
947
900
122
122
286
583
287
402
658
493
535
073
532
036
919
357
593
743
413
719
835
277
200
200
432
205
951
998
628
435
154
033
614
362
269
838
098
806
411
450
666
300
993
993
019
355
602
331
443
666
297
057
190
382
080
732
982
906
433
953
049
587
798
798
731
597
910
939
487
228
398
588
385
160
315
850
085
365
207
569
652
485
947
947
046
036
829
130
162
193
429
306
554
752
421
979
699
939
030
638
405
964
178
178
337
801
730
591
369
142
475
092
279
567
866
044
639
308
675
546
588
472
201
201
118
223
194
182
446
382
669
403
633
951
783
908
636
433
364
949
584
732
175
175
044
282
969
345
258
037
507
798
028
959
553
649
875
081
646
070
195
297
277
277
943
157
367
811
682
916
385
478
944
830
068
628
261
277
503
973
632
715
947
947
790
751
232
042
274
132
548
094
900
797
003
971
907
278
232
883
993
424
869
869
094
948
851
337
762
114
755
428
620
943
040
469
743
241
234
217
889
214
739
739
376
397
629
125
743
189
974
808
715
179
496
610
603
821
065
918
602
054
286
286
854
946
031
134
831
617
920
912
266
370
208
307
982
386
375
088
548
699
805
805
804
610
094
117
835
618
192
220
325
522
574
811
080
923
302
237
226
167
033
033
472
014
924
703
908
160
221
433
787
807
552
220
685
199
461
360
418
477
953
953
817
793
468
405
331
224
221
122
296
127
929
559
614
096
873
839
650
922
427
427
369
033
292
459
535
102
339
823
802
939
442
247
764
626
826
594
309
926
539
539
524
679
059
306
219
768
170
274
531
473
098
539
646
717
057
363
112
939
099
099
921
510
400
963
931
883
585
426
329
571
432
634
245
772
639
755
367
454
778
778
845
589
318
908
678
494
703
745
388
307
302
672
691
139
332
254
353
184
592
592
614
108
055
980
350
088
694
377
648
005
812
202
865
042
116
947
972
891
524
524
737
356
276
502
997
223
498
315
893
232
511
971
373
468
848
032
905
330
471
471
337
361
304
666
865
603
308
188
059
614
881
937
019
361
220
478
788
707
147
147
549
875
103
845
981
533
454
911
060
345
559
805
230
131
832
715
181
950
749
749
147
337
557
795
432
000
192
158
011
420
250
071
727
824
622
505
683
241
979
979
543
505
124
393
658
312
931
168
851
189
165
828
324
241
629
215
233
297
381
381
699
695
813
690
199
758
922
810
463
749
546
140
642
463
224
423
793
554
794
794
441
825
260
216
404
466
249
067
524
925
143
258
108
526
647
844
883
267
676
676
165
602
006
290
538
642
670
911
552
646
137
347
879
966
995
165
966
228
385
385
571
259
330
670
853
910
382
461
866
567
954
294
408
438
410
465
486
334
721
721
175
750
299
305
670
549
621
779
782
798
289
601
188
053
180
390
232
015
270
270
386
748
821
519
407
739
904
850
417
735
685
703
409
718
816
264
789
996
702
702
687
818
820
361
554
956
264
036
210
418
036
251
887
410
233
250
072
757
917
917
540
129
999
126
442
428
016
511
831
714
177
687
142
309
198
041
971
806
831
831
577
366
990
835
644
254
183
280
400
617
581
020
271
170
493
608
441
996
889
889
044
346
903
609
749
342
422
184
865
463
556
269
664
686
438
416
897
695
547
547
152
944
957
459
989
820
766
943
958
160
612
162
304
638
415
911
979
221
279
279
933
825
118
496
267
784
495
913
337
953
899
842
274
260
317
738
796
235
885
885
852
891
348
798
930
175
622
651
704
518
054
504
455
276
106
936
353
058
958
958
080
239
188
606
021
724
471
491
669
409
884
121
445
136
004
320
068
337
281
281
427
869
777
465
583
822
040
204
513
990
119
051
745
030
407
162
517
725
000
000
558
170
893
526
174
211
590
820
189
330
308
936
563
900
733
374
842
922
764
764
671
653
758
953
737
308
567
452
490
784
302
855
226
673
215
376
554
076
859
859
978
134
236
462
206
814
837
902
597
670
543
879
342
994
765
018
821
498
632
632
240
562
931
590
078
998
883
166
973
109
223
286
844
843
970
112
451
480
955
955
497
822
383
611
005
281
114
066
200
717
983
558
601
512
525
355
489
905
632
632
463
782
808
921
190
593
234
621
934
812
540
522
206
374
638
804
187
374
835
835
945
949
391
355
697
620
670
189
266
876
335
064
499
490
945
234
353
660
754
754
638
699
819
295
742
400
638
299
545
196
667
582
306
684
798
094
701
065
392
392
588
925
189
940
133
288
301
966
616
363
662
310
609
869
377
279
799
344
082
082
824
095
625
497
213
815
902
227
429
784
576
055
275
137
536
809
328
423
780
780
026
369
526
465
968
218
807
287
997
313
800
601
742
738
754
196
453
793
556
556
533
058
419
063
379
928
613
917
212
887
970
707
412
603
578
266
384
680
087
087
776
387
319
729
963
751
948
235
686
857
786
716
084
567
414
482
507
215
350
350
776
043
400
190
629
841
073
942
203
560
788
530
178
589
459
250
222
781
614
614
973
378
453
542
241
565
182
016
204
529
827
660
597
917
835
659
392
634
363
363
327
042
100
920
287
217
709
885
368
769
351
097
671
402
378
377
065
095
747
747
395
332
146
899
885
762
382
964
312
382
318
430
922
441
261
465
861
448
347
347
726
720
319
424
482
943
934
977
929
168
368
607
660
626
755
486
868
077
509
509
980
644
451
501
787
439
060
948
917
792
353
057
633
722
775
839
059
975
638
638
927
784
198
896
823
554
138
783
852
542
571
193
928
616
026
968
175
990
871
871
673
269
448
288
775
650
832
741
237
797
461
453
015
097
918
357
559
180
538
538
906
808
639
948
893
533
047
844
678
469
449
924
759
855
104
463
477
692
803
803
280
101
347
846
792
610
161
257
028
033
863
164
616
916
836
646
908
062
266
266
998
119
674
897
733
675
433
771
884
801
503
916
846
188
979
293
562
021
696
696
870
634
092
086
559
571
029
064
148
358
399
901
484
606
433
131
455
965
743
743
617
755
679
643
032
431
050
259
331
831
321
164
020
435
790
955
645
323
678
678
740
794
619
853
261
630
028
439
587
829
748
490
483
575
372
575
273
115
872
872
036
422
913
940
528
326
686
735
049
861
074
387
212
694
994
176
109
423
694
694
299
908
493
962
287
941
598
873
293
896
792
198
173
850
795
858
640
269
178
178
333
862
612
696
127
691
150
572
420
980
567
618
218
878
878
117
095
890
236
236
926
299
675
702
733
544
847
973
496
638
806
666
129
190
141
742
674
558
914
914
076
528
051
932
172
370
647
269
924
183
856
273
937
656
924
321
374
845
535
535
899
349
874
104
522
815
892
859
468
062
019
121
955
918
586
875
402
161
898
898
890
448
633
461
757
924
813
113
874
402
595
887
559
700
236
113
703
243
286
286
440
483
850
588
121
855
679
303
992
713
630
663
368
972
131
861
432
414
312
312
192
460
092
395
697
359
042
826
533
407
675
455
198
058
719
692
049
555
536
536
649
808
652
778
833
218
258
824
129
061
090
942
726
522
949
438
305
847
581
581
908
580
900
440
325
567
537
810
525
574
311
624
594
412
815
539
874
008
842
842
268
315
453
519
449
027
240
705
939
964
160
172
378
308
321
477
974
417
938
938
415
403
971
977
231
732
149
550
334
034
632
707
001
984
771
746
330
121
368
368
379
266
646
165
715
183
223
974
621
519
926
301
456
123
157
306
701
654
399
399
231
172
302
827
936
466
725
594
716
178
544
826
522
803
821
407
353
642
428
428
156
386
392
242
556
045
405
032
642
135
560
989
236
222
584
791
106
757
859
859
925
482
278
453
447
656
012
055
128
591
170
778
586
867
864
398
752
600
089
089
857
287
938
818
391
254
971
931
498
509
318
081
112
987
189
700
035
478
822
822
703
975
912
730
152
830
494
239
678
585
387
353
626
677
571
150
400
092
198
198
169
618
755
233
673
145
461
938
762
691
842
009
644
809
958
863
236
525
744
744
884
785
561
278
864
757
832
966
604
171
391
614
685
130
079
675
038
254
018
018
928
418
955
409
638
334
785
892
679
762
652
145
013
601
781
395
373
361
326
326
469
517
515
426
306
839
943
580
033
579
888
761
896
538
958
768
294
304
715
715
182
029
965
682
443
972
900
978
651
178
810
066
875
297
390
018
004
982
488
488
514
309
170
122
699
745
014
086
014
610
569
705
435
599
802
215
276
175
128
128
472
348
956
616
648
199
022
858
842
686
685
633
139
317
281
440
240
418
411
411
048
849
022
631
197
909
401
601
279
889
457
478
412
499
946
422
165
230
237
237
617
668
679
621
774
117
670
212
724
162
751
779
627
046
276
655
970
907
357
357
302
119
728
874
950
677
316
613
183
975
842
772
342
041
471
739
453
091
596
596
704
538
272
474
809
215
401
070
991
777
597
009
816
960
856
703
943
618
271
271
202
808
200
372
286
141
568
066
733
141
626
475
142
271
900
325
963
008
169
169
003
531
140
801
703
117
928
750
158
311
247
812
016
677
551
667
725
764
483
483
734
200
200
425
532
801
148
417
953
718
621
472
232
748
432
314
675
223
440
440
544
972
321
817
802
157
234
187
591
015
493
410
468
560
950
136
327
618
053
053
213
562
247
969
625
942
108
449
226
600
089
150
996
634
758
178
868
654
424
424
862
278
870
933
560
381
425
020
879
908
415
707
082
588
341
260
927
075
308
308
420
155
640
669
012
514
630
300
817
885
610
654
534
799
797
724
685
328
001
001
243
715
308
233
776
828
614
593
509
762
826
845
631
412
461
434
573
147
069
069
320
776
319
031
529
648
134
133
070
484
686
787
788
660
596
403
660
011
992
992
779
481
814
571
195
404
828
118
586
050
611
445
753
667
117
413
566
597
308
308
477
890
283
472
169
400
910
396
401
870
925
125
397
315
916
179
938
263
943
943
124
775
714
967
401
972
183
637
713
117
769
948
854
023
748
125
087
869
870
870
412
114
227
108
679
643
109
617
831
668
207
047
569
759
613
275
308
354
619
619
875
996
406
524
209
536
934
066
175
814
548
974
819
818
658
466
183
781
613
613
381
605
923
422
891
089
195
166
222
236
070
156
809
196
395
878
992
711
733
733
040
259
382
248
271
376
436
420
824
434
565
935
298
130
805
507
129
833
760
760
469
977
584
336
624
834
032
799
728
565
446
225
545
076
368
341
684
853
943
943
280
493
145
721
071
767
951
153
113
493
295
132
659
572
911
709
837
803
024
024
505
747
414
578
611
309
286
977
864
141
790
184
204
967
887
702
660
973
342
342
676
502
875
640
606
026
050
385
967
941
476
437
336
200
589
891
551
198
237
237
756
355
812
552
232
619
112
845
523
032
850
999
900
271
035
579
919
236
258
258
029
452
227
422
562
351
252
677
829
932
747
350
295
726
959
768
135
071
232
232
650
738
063
179
389
122
963
856
581
334
066
117
640
848
484
527
157
443
714
714
921
810
507
999
986
229
860
659
463
698
862
848
258
638
448
643
629
696
354
354
618
815
558
420
265
304
928
142
954
368
802
371
108
802
916
948
041
752
227
227
162
093
949
428
427
832
514
919
803
017
786
417
169
589
182
727
520
567
951
951
895
882
998
328
239
999
313
168
030
027
606
549
091
554
089
505
554
497
104
104
023
458
274
458
824
287
867
105
890
731
395
523
883
548
223
551
396
216
793
793
827
990
539
014
828
673
011
076
403
054
607
424
232
193
931
633
092
530
553
553
371
199
054
296
551
698
496
685
007
736
257
119
221
393
257
884
442
961
475
475
155
376
663
619
188
072
214
618
433
496
196
296
581
936
870
915
851
722
368
368
680
435
611
704
932
228
207
227
666
254
204
880
895
624
676
742
503
279
692
692
719
656
139
703
697
345
272
153
448
731
897
920
852
355
551
206
971
947
583
583
074
943
180
435
393
665
069
810
554
819
016
157
384
176
749
349
534
692
880
880
775
975
757
282
798
449
525
691
424
353
923
193
269
099
479
222
819
110
594
594
327
761
628
166
576
841
946
457
047
205
263
080
008
402
374
004
475
345
082
082
331
806
545
976
152
215
724
437
635
746
402
557
095
138
318
261
704
298
335
335
680
352
225
929
643
303
763
360
061
495
657
200
963
788
504
150
929
339
509
509
657
092
066
024
355
606
192
807
586
500
869
447
671
514
574
705
310
074
674
674
966
995
362
655
199
359
091
253
082
168
719
580
998
910
600
922
201
655
944
944
397
005
714
643
324
845
997
674
734
210
825
872
140
833
408
594
827
161
747
747
366
973
291
988
194
319
534
571
420
954
706
759
622
983
006
981
815
811
449
449
676
662
376
767
391
293
220
393
508
142
183
863
267
703
922
891
725
469
674
674
262
464
854
401
007
425
705
286
606
966
203
316
874
251
703
180
679
232
404
404
978
418
854
256
047
208
393
644
353
589
680
957
082
237
087
859
369
760
877
877
856
677
488
740
569
750
218
770
711
252
901
798
124
103
213
660
875
984
835
835
347
642
090
180
861
267
300
883
048
603
318
174
166
188
317
029
409
591
526
526
853
198
045
427
029
941
228
389
786
416
447
458
965
813
861
552
910
674
398
398
093
251
556
707
478
017
233
079
181
718
076
782
768
871
933
890
359
005
732
732
219
059
668
629
563
126
141
366
267
343
490
874
012
007
976
833
017
940
422
422
771
300
906
552
136
160
800
241
158
228
226
599
124
594
627
860
766
575
895
895
952
790
284
175
916
098
789
667
105
278
420
451
378
994
322
564
448
905
138
138
064
409
701
685
214
535
439
301
709
286
885
156
828
768
073
547
262
320
538
538
038
975
729
221
819
917
197
696
600
098
194
495
051
826
137
486
714
811
523
523
357
884
819
410
835
077
851
550
148
092
738
034
612
680
047
544
825
377
515
515
615
059
899
506
726
486
916
568
261
360
055
788
121
343
090
302
333
430
979
979
911
689
656
810
514
537
099
282
887
526
310
458
357
748
988
926
351
185
441
441
124
445
784
731
728
049
059
715
100
466
660
928
274
298
498
116
851
782
144
144
042
612
472
063
236
033
662
320
714
240
341
837
697
480
804
264
778
561
620
620
044
085
966
666
781
019
605
495
464
713
776
872
307
369
204
660
195
950
943
943
217
798
793
931
167
540
776
249
374
282
141
199
036
619
273
579
296
426
836
836
889
609
778
877
239
240
044
238
447
663
433
228
871
068
352
794
272
481
533
533
015
158
844
258
300
068
252
199
481
731
381
507
574
972
139
230
396
728
751
751
199
181
717
837
723
797
473
158
168
898
986
980
528
888
369
349
333
735
448
448
291
782
538
510
259
044
344
893
422
318
233
582
045
102
318
760
210
114
044
044
003
947
715
722
294
921
693
706
104
832
714
160
570
407
314
034
488
164
531
531
318
165
963
444
244
899
456
345
819
980
041
953
723
611
143
292
004
497
137
137
378
165
477
883
481
238
031
527
068
032
314
725
848
790
307
587
812
676
551
551
082
343
820
456
940
950
044
195
235
342
293
346
740
501
333
254
757
811
914
914
257
497
017
283
917
234
078
155
801
900
155
317
710
850
294
893
682
793
351
351
311
501
204
975
536
791
547
300
192
537
511
137
760
595
789
039
389
613
825
825
236
895
817
113
021
996
865
694
708
451
110
484
572
355
249
896
139
077
503
503
907
306
693
454
140
348
052
535
952
650
524
694
380
885
470
910
014
638
439
439
484
721
922
983
081
975
724
244
842
421
752
928
674
443
542
023
622
372
186
186
515
576
107
540
879
997
456
271
672
127
549
098
578
721
613
005
136
560
506
506
641
720
921
119
154
314
311
138
369
070
327
729
044
861
200
095
264
423
343
343
951
805
709
271
687
722
099
172
287
061
272
171
101
992
834
624
087
169
975
975
661
558
619
784
198
729
045
608
787
263
636
710
841
643
098
108
606
858
740
740
942
701
295
808
135
123
160
637
493
725
017
290
951
809
589
442
199
495
808
808
336
994
806
297
353
154
367
934
463
153
065
836
281
746
433
034
086
845
474
474
761
839
468
327
769
790
928
620
431
334
429
690
797
226
084
568
644
338
955
955
732
101
785
092
571
953
307
583
076
856
389
647
398
061
495
239
621
790
954
954
197
059
070
498
190
234
392
649
940
764
955
933
857
031
793
448
528
371
122
122
425
701
852
059
685
105
958
314
376
653
151
721
058
586
621
802
983
816
644
644
249
509
289
927
498
181
174
468
697
113
517
786
066
354
045
745
065
890
148
148
178
782
509
369
893
963
908
717
404
373
336
799
444
260
009
274
885
040
832
832
861
551
866
611
181
112
277
194
335
618
095
536
426
000
303
372
384
990
913
913
725
076
916
384
900
312
501
840
410
511
889
235
983
929
853
330
516
728
167
167
537
642
025
202
826
211
031
763
836
271
765
048
222
597
772
849
432
996
722
722
740
809
355
192
250
365
690
201
377
583
266
349
539
202
845
682
521
829
618
618
904
824
574
311
161
462
227
751
526
862
100
623
553
302
813
607
944
339
663
663
011
245
427
908
928
187
007
336
677
845
159
589
521
988
658
507
986
675
009
009
348
164
222
220
081
153
190
450
899
242
897
636
856
906
905
440
356
800
595
595
361
735
991
433
576
934
977
362
166
309
384
778
465
641
537
858
191
081
240
240
455
402
549
690
589
451
313
258
880
454
691
885
086
319
686
470
516
447
174
174
097
583
590
818
721
279
023
334
598
844
895
013
300
468
287
080
461
409
004
004
336
907
275
426
802
567
419
119
809
859
507
978
580
214
372
315
282
920
778
778
169
763
104
787
890
489
678
423
896
468
549
820
759
117
306
302
243
264
144
144
924
792
191
166
945
203
468
173
524
425
321
658
185
418
119
288
503
363
504
504
458
396
686
370
906
049
118
394
675
230
675
715
220
708
945
493
711
050
305
305
757
414
161
851
359
691
748
895
372
547
784
999
422
192
429
368
687
336
332
332
671
484
166
308
966
530
454
447
187
166
549
710
350
748
988
274
603
797
787
787
946
081
727
992
283
392
814
725
751
211
564
504
234
694
366
602
712
182
418
418
305
344
307
136
147
886
721
092
934
055
456
908
837
878
250
311
099
927
002
002
201
405
500
334
244
200
426
986
937
146
213
257
187
355
207
913
457
446
622
622
654
375
304
602
878
065
863
900
813
763
661
836
180
230
660
603
099
188
263
263
962
183
183
701
732
942
987
528
468
933
511
497
339
975
750
590
237
402
985
985
664
070
642
271
921
397
658
256
093
617
034
262
355
809
244
543
742
370
063
063
724
615
125
693
088
440
546
748
602
958
728
514
510
003
443
826
716
291
001
001
292
914
804
451
095
141
097
356
052
047
532
806
206
308
867
623
682
058
472
472
067
377
367
773
001
142
768
621
695
431
111
100
595
988
103
054
284
337
509
509
701
346
879
450
437
927
053
804
470
401
211
373
947
545
237
139
161
719
636
636
167
861
787
316
657
480
829
662
271
946
410
774
693
471
217
111
090
640
568
568
485
643
215
306
971
721
994
687
526
623
244
697
396
899
281
722
325
850
839
839
609
090
217
628
939
336
043
699
367
087
721
687
231
915
679
073
137
513
651
651
291
153
934
837
007
415
767
450
387
714
076
339
694
575
211
085
649
745
697
697
859
857
387
644
852
132
440
837
906
292
132
762
862
828
070
261
425
027
089
089
464
015
890
866
893
840
631
147
788
157
449
111
226
868
959
960
689
785
101
101
789
101
692
164
064
712
405
719
546
619
053
638
226
066
642
374
984
132
473
473
081
353
067
535
439
833
091
771
254
364
849
796
799
508
525
939
479
904
433
433
459
768
161
895
922
682
017
597
423
909
052
509
307
039
041
990
537
471
570
570
622
873
289
870
037
908
172
577
428
501
540
874
671
311
375
811
242
171
796
796
208
161
871
713
749
817
346
844
010
904
159
458
401
880
332
008
109
381
661
661
898
593
679
718
463
722
661
082
207
594
097
229
347
693
201
508
711
105
933
933
015
409
432
253
185
153
862
007
906
630
058
301
297
707
199
147
302
648
132
132
372
005
684
276
222
313
214
228
347
573
321
679
925
870
656
187
925
085
933
933
394
236
219
021
227
420
071
252
921
072
830
205
023
046
501
221
996
496
714
714
836
621
732
523
385
754
434
891
176
609
794
177
173
261
782
820
242
945
233
233
218
618
937
278
276
043
078
542
325
162
351
663
288
720
809
372
591
842
858
858
384
976
930
634
223
413
881
368
873
916
955
122
327
092
282
956
415
432
437
437
546
291
461
139
138
448
936
221
876
347
631
725
949
271
545
320
060
060
350
350
839
382
776
411
586
045
123
720
497
243
363
236
399
217
118
486
029
900
484
484
905
800
339
950
684
507
750
352
516
760
016
759
196
775
118
993
984
159
955
955
716
936
081
355
714
002
440
372
589
119
299
909
037
402
030
604
497
909
851
851
934
109
531
393
496
535
513
797
648
319
669
173
269
557
653
137
413
193
642
642
487
765
119
182
912
018
001
549
256
032
751
349
193
489
901
668
870
061
625
625
223
205
989
176
877
580
051
115
330
977
778
220
241
096
430
918
644
646
047
047
260
529
879
890
069
322
505
480
131
203
078
308
371
075
300
650
731
943
271
271
045
317
488
480
571
635
283
739
704
589
674
960
046
234
681
240
365
763
026
026
669
942
461
877
449
233
361
368
131
046
046
352
870
271
083
930
098
012
049
049
594
244
453
546
379
458
115
735
350
142
343
209
132
309
281
105
800
775
476
476
885
589
275
196
948
987
405
285
313
921
009
295
223
991
656
304
136
922
234
234
643
871
600
100
329
442
644
080
234
804
755
088
733
654
953
650
608
704
162
162
616
702
637
249
547
079
647
596
603
210
049
766
322
660
626
684
077
882
087
087
446
771
878
991
956
831
672
661
635
663
366
958
123
892
637
757
097
302
030
030
413
449
652
631
998
431
378
148
887
556
247
967
960
373
502
942
391
699
169
169
745
511
026
906
167
607
765
145
984
764
452
152
830
166
746
619
335
992
349
349
265
705
451
983
776
482
856
314
129
647
025
193
522
381
682
718
077
779
731
731
943
383
755
342
856
397
814
080
246
560
683
226
055
377
942
180
011
957
720
720
928
202
937
214
297
951
782
458
739
763
736
273
047
502
042
808
503
060
463
463
799
064
519
477
195
980
079
791
687
912
975
859
613
596
426
882
557
254
009
009
554
430
297
633
848
680
246
856
043
971
874
012
773
489
032
557
169
304
910
910
133
323
786
583
240
825
069
665
876
286
766
597
715
635
705
902
764
